{
  "frames": {
    "head_camera": "D435 color optical frame",
    "left_base": "left arm FK base frame",
    "left_gripper": "left /piper_FK_l/urdf_end_pose_orient frame",
    "left_wrist_camera": "left wrist color optical frame",
    "right_base": "right arm FK base frame",
    "right_gripper": "right /piper_FK_r/urdf_end_pose_orient frame",
    "right_wrist_camera": "right wrist color optical frame"
  },
  "name": "legacy_wrist_with_try2_head_calibration",
  "note": "Mixed bundle: legacy left/right wrist and legacy left_base_T_right_base, but head camera transform comes from head_d435_try2. Use only for comparison; rerun head calibration with legacy inputs for a strictly consistent legacy bundle.",
  "quality": {
    "base_transform_spread": {
      "left_board_spread": {
        "rotation_max_deg": 2.5563634276229563,
        "rotation_mean_deg": 0.990541418589733,
        "translation_max_m": 0.022780569184067036,
        "translation_mean_m": 0.008015011663123453
      },
      "right_board_spread": {
        "rotation_max_deg": 3.7488737302024195,
        "rotation_mean_deg": 1.141758692681953,
        "translation_max_m": 0.020908929080943706,
        "translation_mean_m": 0.010374940901078596
      }
    },
    "head_residuals": {
      "rotation_max_deg": 1.6940226508534895,
      "rotation_mean_deg": 0.816251316897223,
      "translation_max_m": 0.014874933147103848,
      "translation_mean_m": 0.008774317940446471
    },
    "left_wrist_residuals": {
      "rotation_max_deg": 3.000789810056211,
      "rotation_mean_deg": 1.7495137518663009,
      "translation_max_m": 0.032019722459215735,
      "translation_mean_m": 0.024029991358799418
    },
    "right_wrist_residuals": {
      "rotation_max_deg": 3.1969376121373996,
      "rotation_mean_deg": 1.3530462945758726,
      "translation_max_m": 0.028653186301479283,
      "translation_mean_m": 0.011949886864608815
    }
  },
  "sources": {
    "base_transform": "/home/piper/pika_ros/calibration/handeye/left_base_T_right_base.json",
    "head_handeye": "/home/piper/pika_ros/calibration/handeye/head_d435_try2_head_from_wrist.json",
    "left_handeye": "/home/piper/pika_ros/calibration/handeye/left_wrist_eye_in_hand.json",
    "right_handeye": "/home/piper/pika_ros/calibration/handeye/right_wrist_eye_in_hand.json"
  },
  "transforms": {
    "head_camera_T_left_base": {
      "matrix": [
        [
          -0.07447774167006171,
          -0.9970959901530239,
          0.01589504377120407,
          -0.26795198637585876
        ],
        [
          -0.8853158622700692,
          0.05877525339284795,
          -0.4612605484990132,
          0.3255507358330843
        ],
        [
          0.45898680809880754,
          -0.048425778355824484,
          -0.8871223444271377,
          0.34941459916771705
        ],
        [
          0.0,
          0.0,
          0.0,
          1.0
        ]
      ],
      "rotation_quaternion_xyzw": {
        "w": -0.1558646586751217,
        "x": -0.6621686623067095,
        "y": 0.7106995390968759,
        "z": -0.1792903677349093
      },
      "translation": {
        "x": -0.26795198637585876,
        "y": 0.3255507358330843,
        "z": 0.34941459916771705
      }
    },
    "head_camera_T_right_base": {
      "matrix": [
        [
          -0.08259498655113152,
          -0.9965269474573027,
          0.01058825708268335,
          0.3203586136509382
        ],
        [
          -0.8652422350317609,
          0.06643374401686963,
          -0.49693302604389766,
          0.3013636110733539
        ],
        [
          0.49450373397362957,
          -0.05020558382622078,
          -0.8677242974809496,
          0.3515317451695354
        ],
        [
          0.0,
          0.0,
          0.0,
          1.0
        ]
      ],
      "rotation_quaternion_xyzw": {
        "w": -0.1703778594659448,
        "x": -0.6554951500417352,
        "y": 0.7100621501053535,
        "z": -0.19263757749548333
      },
      "translation": {
        "x": 0.3203586136509382,
        "y": 0.3013636110733539,
        "z": 0.3515317451695354
      }
    },
    "left_base_T_head_camera": {
      "matrix": [
        [
          -0.07447774167006171,
          -0.8853158622700692,
          0.45898680809880754,
          0.10788208001032673
        ],
        [
          -0.9970959901530239,
          0.05877525339284795,
          -0.048425778355824484,
          -0.269387504226139
        ],
        [
          0.01589504377120407,
          -0.4612605484990132,
          -0.8871223444271377,
          0.46439631791738495
        ],
        [
          0.0,
          0.0,
          0.0,
          1.0
        ]
      ],
      "rotation_quaternion_xyzw": {
        "w": 0.1558646586751217,
        "x": -0.6621686623067095,
        "y": 0.7106995390968759,
        "z": -0.1792903677349093
      },
      "translation": {
        "x": 0.10788208001032673,
        "y": -0.269387504226139,
        "z": 0.46439631791738495
      }
    },
    "left_base_T_right_base": {
      "matrix": [
        [
          0.9991348539007205,
          -0.007639471477278145,
          0.040880095356226484,
          -0.021431057592406544
        ],
        [
          0.007553570069155644,
          0.9999689280021301,
          0.002255351298918209,
          -0.5881262690808672
        ],
        [
          -0.040896054821909986,
          -0.0019446094258324168,
          0.9991615140677637,
          0.018629621647149697
        ],
        [
          0.0,
          0.0,
          0.0,
          1.0
        ]
      ],
      "rotation_quaternion_xyzw": {
        "w": 0.9997831384818677,
        "x": -0.001050217933042986,
        "y": 0.020448472031222294,
        "z": 0.003799084261788971
      },
      "translation": {
        "x": -0.021431057592406544,
        "y": -0.5881262690808672,
        "z": 0.018629621647149697
      }
    },
    "left_gripper_T_left_wrist_camera": {
      "matrix": [
        [
          -0.006974586259745896,
          0.008714720512473462,
          0.9999377024559554,
          -0.14531803907632362
        ],
        [
          -0.968981198809313,
          -0.2470915387513708,
          -0.004605196146362123,
          0.022259047868687938
        ],
        [
          0.24703601255803165,
          -0.9689529529981676,
          0.010167761580539336,
          0.043210911150500825
        ],
        [
          0.0,
          0.0,
          0.0,
          1.0
        ]
      ],
      "rotation_quaternion_xyzw": {
        "w": -0.43477052469360855,
        "x": 0.5545153719490302,
        "y": -0.4329305042174309,
        "z": 0.56219077869342
      },
      "translation": {
        "x": -0.14531803907632362,
        "y": 0.022259047868687938,
        "z": 0.043210911150500825
      }
    },
    "left_wrist_camera_T_left_gripper": {
      "matrix": [
        [
          -0.006974586259745896,
          -0.968981198809313,
          0.24703601255803165,
          0.009880414499901064
        ],
        [
          0.008714720512473462,
          -0.2470915387513708,
          -0.9689529529981676,
          0.048635768446004604
        ],
        [
          0.9999377024559554,
          -0.004605196146362123,
          0.010167761580539336,
          0.1449721351585942
        ],
        [
          0.0,
          0.0,
          0.0,
          1.0
        ]
      ],
      "rotation_quaternion_xyzw": {
        "w": 0.43477052469360855,
        "x": 0.5545153719490302,
        "y": -0.4329305042174309,
        "z": 0.56219077869342
      },
      "translation": {
        "x": 0.009880414499901064,
        "y": 0.048635768446004604,
        "z": 0.1449721351585942
      }
    },
    "right_base_T_head_camera": {
      "matrix": [
        [
          -0.08259498655113152,
          -0.8652422350317609,
          0.49450373397362957,
          0.11337877919178777
        ],
        [
          -0.9965269474573027,
          0.06643374401686963,
          -0.05020558382622078,
          0.31687413485886284
        ],
        [
          0.01058825708268335,
          -0.49693302604389766,
          -0.8677242974809496,
          0.45139812844969646
        ],
        [
          0.0,
          0.0,
          0.0,
          1.0
        ]
      ],
      "rotation_quaternion_xyzw": {
        "w": 0.1703778594659448,
        "x": -0.6554951500417352,
        "y": 0.7100621501053535,
        "z": -0.19263757749548333
      },
      "translation": {
        "x": 0.11337877919178777,
        "y": 0.31687413485886284,
        "z": 0.45139812844969646
      }
    },
    "right_base_T_left_base": {
      "matrix": [
        [
          0.9991348539007205,
          0.007553570069155644,
          -0.040896054821909986,
          0.02661684760773373
        ],
        [
          -0.007639471477278145,
          0.9999689280021301,
          -0.0019446094258324168,
          0.5879805002073367
        ],
        [
          0.040880095356226484,
          0.002255351298918209,
          0.9991615140677637,
          -0.016411465948613865
        ],
        [
          0.0,
          0.0,
          0.0,
          1.0
        ]
      ],
      "rotation_quaternion_xyzw": {
        "w": 0.9997831384818677,
        "x": 0.001050217933042986,
        "y": -0.020448472031222294,
        "z": -0.003799084261788971
      },
      "translation": {
        "x": 0.02661684760773373,
        "y": 0.5879805002073367,
        "z": -0.016411465948613865
      }
    },
    "right_gripper_T_right_wrist_camera": {
      "matrix": [
        [
          -0.006008438583945175,
          0.021758502410516356,
          0.9997452006579649,
          -0.1491832219254544
        ],
        [
          -0.6988679251344421,
          0.7149777106431223,
          -0.01976098433275919,
          -0.026928873253045413
        ],
        [
          -0.7152255042181191,
          -0.6988085867076701,
          0.010910419770381541,
          0.040558563053265155
        ],
        [
          0.0,
          0.0,
          0.0,
          1.0
        ]
      ],
      "rotation_quaternion_xyzw": {
        "w": 0.6557209184991658,
        "x": -0.2588935258955654,
        "y": 0.6538493193115456,
        "z": -0.2747458588000938
      },
      "translation": {
        "x": -0.1491832219254544,
        "y": -0.026928873253045413,
        "z": 0.040558563053265155
      }
    },
    "right_wrist_camera_T_right_gripper": {
      "matrix": [
        [
          -0.006008438583945175,
          -0.6988679251344421,
          -0.7152255042181191,
          0.00929243470687557
        ],
        [
          0.021758502410516356,
          0.7149777106431223,
          -0.6988085867076701,
          0.05084221976868097
        ],
        [
          0.9997452006579649,
          -0.01976098433275919,
          0.010910419770381541,
          0.14817055814801824
        ],
        [
          0.0,
          0.0,
          0.0,
          1.0
        ]
      ],
      "rotation_quaternion_xyzw": {
        "w": 0.6557209184991658,
        "x": 0.2588935258955654,
        "y": -0.6538493193115456,
        "z": 0.2747458588000938
      },
      "translation": {
        "x": 0.00929243470687557,
        "y": 0.05084221976868097,
        "z": 0.14817055814801824
      }
    }
  },
  "usage": {
    "head_point_to_left_base": "P_left_base = left_base_T_head_camera * P_head_camera",
    "head_point_to_right_base": "P_right_base = right_base_T_head_camera * P_head_camera",
    "left_wrist_point_to_left_base": "P_left_base = T_left_base_left_gripper * left_gripper_T_left_wrist_camera * P_left_wrist_camera",
    "right_wrist_point_to_left_base": "P_left_base = left_base_T_right_base * T_right_base_right_gripper * right_gripper_T_right_wrist_camera * P_right_wrist_camera"
  }
}