{
  "frames": {
    "head_camera": "D435 color optical frame",
    "left_base": "left arm FK base frame",
    "left_gripper": "left /piper_FK_l/urdf_end_pose_orient frame",
    "left_wrist_camera": "left wrist color optical frame",
    "right_base": "right arm FK base frame",
    "right_gripper": "right /piper_FK_r/urdf_end_pose_orient frame",
    "right_wrist_camera": "right wrist color optical frame"
  },
  "name": "try2_full_calibration",
  "note": "Consistent try2 bundle: left/right wrist try2 hand-eye, try2 left_base_T_right_base, and head_d435_try2.",
  "quality": {
    "base_transform_spread": {
      "left_board_spread": {
        "rotation_max_deg": 3.3403384699072354,
        "rotation_mean_deg": 0.8113091763839696,
        "translation_max_m": 0.011150523535620491,
        "translation_mean_m": 0.006035780400986282
      },
      "right_board_spread": {
        "rotation_max_deg": 1.815200624690036,
        "rotation_mean_deg": 0.744740309395542,
        "translation_max_m": 0.012506587353027504,
        "translation_mean_m": 0.005293693246335222
      }
    },
    "head_residuals": {
      "rotation_max_deg": 1.6940226508534895,
      "rotation_mean_deg": 0.816251316897223,
      "translation_max_m": 0.014874933147103848,
      "translation_mean_m": 0.008774317940446471
    },
    "left_wrist_residuals": {
      "rotation_max_deg": 3.339298046875479,
      "rotation_mean_deg": 0.9172101765344207,
      "translation_max_m": 0.011291740089031803,
      "translation_mean_m": 0.006629574308237405
    },
    "right_wrist_residuals": {
      "rotation_max_deg": 1.7745705808638943,
      "rotation_mean_deg": 1.0937448884609988,
      "translation_max_m": 0.013855069926083242,
      "translation_mean_m": 0.009378012016470396
    }
  },
  "sources": {
    "base_transform": "/home/piper/pika_ros/calibration/handeye/left_base_T_right_base_try2.json",
    "head_handeye": "/home/piper/pika_ros/calibration/handeye/head_d435_try2_head_from_wrist.json",
    "left_handeye": "/home/piper/pika_ros/calibration/handeye/left_wrist_try2_eye_in_hand.json",
    "right_handeye": "/home/piper/pika_ros/calibration/handeye/right_wrist_try2_eye_in_hand.json"
  },
  "transforms": {
    "head_camera_T_left_base": {
      "matrix": [
        [
          -0.07447774167006171,
          -0.9970959901530239,
          0.01589504377120407,
          -0.26795198637585876
        ],
        [
          -0.8853158622700692,
          0.05877525339284795,
          -0.4612605484990132,
          0.3255507358330843
        ],
        [
          0.45898680809880754,
          -0.048425778355824484,
          -0.8871223444271377,
          0.34941459916771705
        ],
        [
          0.0,
          0.0,
          0.0,
          1.0
        ]
      ],
      "rotation_quaternion_xyzw": {
        "w": -0.1558646586751217,
        "x": -0.6621686623067095,
        "y": 0.7106995390968759,
        "z": -0.1792903677349093
      },
      "translation": {
        "x": -0.26795198637585876,
        "y": 0.3255507358330843,
        "z": 0.34941459916771705
      }
    },
    "head_camera_T_right_base": {
      "matrix": [
        [
          -0.06456918480322028,
          -0.9975075277293012,
          0.02845263603297626,
          0.3043150597902076
        ],
        [
          -0.8828948973504416,
          0.04381477622687126,
          -0.46752204826803945,
          0.3034070764093562
        ],
        [
          0.4651101166459415,
          -0.05530820470388326,
          -0.8835233906841587,
          0.34805432135039643
        ],
        [
          0.0,
          0.0,
          0.0,
          1.0
        ]
      ],
      "rotation_quaternion_xyzw": {
        "w": -0.15469502314190037,
        "x": -0.6661717927183023,
        "y": 0.7056747394717786,
        "z": -0.18522352570083447
      },
      "translation": {
        "x": 0.3043150597902076,
        "y": 0.3034070764093562,
        "z": 0.34805432135039643
      }
    },
    "left_base_T_head_camera": {
      "matrix": [
        [
          -0.07447774167006171,
          -0.8853158622700692,
          0.45898680809880754,
          0.10788208001032673
        ],
        [
          -0.9970959901530239,
          0.05877525339284795,
          -0.048425778355824484,
          -0.269387504226139
        ],
        [
          0.01589504377120407,
          -0.4612605484990132,
          -0.8871223444271377,
          0.46439631791738495
        ],
        [
          0.0,
          0.0,
          0.0,
          1.0
        ]
      ],
      "rotation_quaternion_xyzw": {
        "w": 0.1558646586751217,
        "x": -0.6621686623067095,
        "y": 0.7106995390968759,
        "z": -0.1792903677349093
      },
      "translation": {
        "x": 0.10788208001032673,
        "y": -0.269387504226139,
        "z": 0.46439631791738495
      }
    },
    "left_base_T_right_base": {
      "matrix": [
        [
          0.9999292322610557,
          0.010116455229991205,
          0.006260016245634159,
          -0.023641373867612614
        ],
        [
          -0.010034015476032323,
          0.9998643234836766,
          -0.013063428262003827,
          -0.571840803710491
        ],
        [
          -0.006391322495600583,
          0.012999690692833951,
          0.9998950740145931,
          0.020516939085565566
        ],
        [
          0.0,
          0.0,
          0.0,
          1.0
        ]
      ],
      "rotation_quaternion_xyzw": {
        "w": 0.9999610779624531,
        "x": 0.006516033356004383,
        "y": 0.0031629577940707056,
        "z": -0.005037813758482144
      },
      "translation": {
        "x": -0.023641373867612614,
        "y": -0.571840803710491,
        "z": 0.020516939085565566
      }
    },
    "left_gripper_T_left_wrist_camera": {
      "matrix": [
        [
          -0.002666882777780266,
          0.011049221314353763,
          0.9999353991356622,
          -0.16004864154656087
        ],
        [
          -0.9752707254444986,
          -0.22101354446471544,
          -0.000158915401173243,
          0.0204961352574495
        ],
        [
          0.22099751090727493,
          -0.9752081459214179,
          0.01136539930223579,
          0.04237920586882811
        ],
        [
          0.0,
          0.0,
          0.0,
          1.0
        ]
      ],
      "rotation_quaternion_xyzw": {
        "w": -0.44375809064729743,
        "x": 0.5493134948243807,
        "y": -0.43883024594107833,
        "z": 0.555663078345307
      },
      "translation": {
        "x": -0.16004864154656087,
        "y": 0.0204961352574495,
        "z": 0.04237920586882811
      }
    },
    "left_wrist_camera_T_left_gripper": {
      "matrix": [
        [
          -0.002666882777780266,
          -0.9752707254444986,
          0.22099751090727493,
          0.010196750724355701
        ],
        [
          0.011049221314353763,
          -0.22101354446471544,
          -0.9752081459214179,
          0.047626883143548696
        ],
        [
          0.9999353991356622,
          -0.000158915401173243,
          0.01136539930223579,
          0.15955990282072693
        ],
        [
          0.0,
          0.0,
          0.0,
          1.0
        ]
      ],
      "rotation_quaternion_xyzw": {
        "w": 0.44375809064729743,
        "x": 0.5493134948243807,
        "y": -0.43883024594107833,
        "z": 0.555663078345307
      },
      "translation": {
        "x": 0.010196750724355701,
        "y": 0.047626883143548696,
        "z": 0.15955990282072693
      }
    },
    "right_base_T_head_camera": {
      "matrix": [
        [
          -0.06456918480322028,
          -0.8828948973504416,
          0.4651101166459415,
          0.1256423489134262
        ],
        [
          -0.9975075277293012,
          0.04381477622687126,
          -0.05530820470388326,
          0.30951310943691823
        ],
        [
          0.02845263603297626,
          -0.46752204826803945,
          -0.8835233906841587,
          0.4407050663281313
        ],
        [
          0.0,
          0.0,
          0.0,
          1.0
        ]
      ],
      "rotation_quaternion_xyzw": {
        "w": 0.15469502314190037,
        "x": -0.6661717927183023,
        "y": 0.7056747394717786,
        "z": -0.18522352570083447
      },
      "translation": {
        "x": 0.1256423489134262,
        "y": 0.30951310943691823,
        "z": 0.4407050663281313
      }
    },
    "right_base_T_left_base": {
      "matrix": [
        [
          0.9999292322610557,
          -0.010034015476032323,
          -0.006391322495600583,
          0.018032971721099078
        ],
        [
          0.010116455229991205,
          0.9998643234836766,
          0.012999690692833951,
          0.571735671380583
        ],
        [
          0.006260016245634159,
          -0.013063428262003827,
          0.9998950740145931,
          -0.027836992257592723
        ],
        [
          0.0,
          0.0,
          0.0,
          1.0
        ]
      ],
      "rotation_quaternion_xyzw": {
        "w": 0.9999610779624531,
        "x": -0.006516033356004383,
        "y": -0.0031629577940707056,
        "z": 0.005037813758482144
      },
      "translation": {
        "x": 0.018032971721099078,
        "y": 0.571735671380583,
        "z": -0.027836992257592723
      }
    },
    "right_gripper_T_right_wrist_camera": {
      "matrix": [
        [
          -0.000994416136270715,
          0.015178967740151428,
          0.999884298344009,
          -0.13670961284638714
        ],
        [
          -0.6906850306423906,
          0.7230616509288659,
          -0.011663507300250675,
          -0.027782616702367403
        ],
        [
          -0.7231550314995174,
          -0.690616715620442,
          0.009764861625524146,
          0.037060470099617514
        ],
        [
          0.0,
          0.0,
          0.0,
          1.0
        ]
      ],
      "rotation_quaternion_xyzw": {
        "w": 0.6579954590303263,
        "x": -0.2579627256549574,
        "y": 0.6546547191916539,
        "z": -0.2681872605256116
      },
      "translation": {
        "x": -0.13670961284638714,
        "y": -0.027782616702367403,
        "z": 0.037060470099617514
      }
    },
    "right_wrist_camera_T_right_gripper": {
      "matrix": [
        [
          -0.000994416136270715,
          -0.6906850306423906,
          -0.7231550314995174,
          0.007475481708877636
        ],
        [
          0.015178967740151428,
          0.7230616509288659,
          -0.690616715620442,
          0.047758235642649
        ],
        [
          0.999884298344009,
          -0.011663507300250675,
          0.009764861625524146,
          0.13600786220276317
        ],
        [
          0.0,
          0.0,
          0.0,
          1.0
        ]
      ],
      "rotation_quaternion_xyzw": {
        "w": 0.6579954590303263,
        "x": 0.2579627256549574,
        "y": -0.6546547191916539,
        "z": 0.2681872605256116
      },
      "translation": {
        "x": 0.007475481708877636,
        "y": 0.047758235642649,
        "z": 0.13600786220276317
      }
    }
  },
  "usage": {
    "head_point_to_left_base": "P_left_base = left_base_T_head_camera * P_head_camera",
    "head_point_to_right_base": "P_right_base = right_base_T_head_camera * P_head_camera",
    "left_wrist_point_to_left_base": "P_left_base = T_left_base_left_gripper * left_gripper_T_left_wrist_camera * P_left_wrist_camera",
    "right_wrist_point_to_left_base": "P_left_base = left_base_T_right_base * T_right_base_right_gripper * right_gripper_T_right_wrist_camera * P_right_wrist_camera"
  }
}